555555555555555555555555555555555555555555555555555555555555555555555532211100000000000000000000000
555555555555555555555555555555555555555555555555555555555555555555555532211100000000000000000000000
555555555555555555555555555555555555555555555555555555555555555555555532211100000000000000000000000
333333333333333333333333333333333333333333333333333333333555555555555532211100000000000000000000000
222222222222222222222222222222222222222222222222222222233355555555555532211100000000000000000000000
111111111111111111111111111111111111111111111111111111122335555555555532211100000000000000000000000
111111111111111111111111111111111111111111111111111111111223333333333332211100000000000000000000000
000000000000000000000000000000000000000000000000000001111122222222222222211100000000000000000000000
000000000000000000000000000000000000000000000112110000011111111111111111111100000000000000000000000
000000000000000000000000000000000000000000000012110000001111111111111111111100000000000000000000000
000000000000000000000000000000000000000000000001000000000000000000000000000000000000000000000000000
111111111111111111111111111111111111111111111100000000000000000000000000000000000000011111111111111
111111111111111111111111111111111111111111111110000000000000000000000000000000000000111111111111111
222222222222222222222222222222222222222222222211100000000000000000000000000000000001111111111111111
222222222222222222222222222222222222222222222221111111111111111111111111111111111111122222222222222
333333333333333333333333333333333333333333333322111111111111111111111111222222222222222222222222222
555555555555555555555555555555555555555555555332222222222222222222222222333333333333333333333333333
555555555555555555555555555555555555555555555533222222222222222222222222233335555555555555555555555
555555555555555555555555555555555555555555555553333333333333333333333333335555555555555555555555555
555555555555555555555555555555555555555555555555555555555555555555555555555555555555555555555555555
555555555555555555555555555555555555555555555555555555555555555555555555555555555555555555555555555
555555555555555555555555555555555555555555555555555555555555555555555555555555555555555555555555555
555555555555555555555555555555555555555555555555555555555555555555555555555555555555555555555555555
555555555555555555555555555555555555555555555555555555555555555555555555555555555555555555555555555
555555555555555555555555555555555555555555555555555555555555555555555555555555555555555555555555555
555555555555555555555555555555555555555555555555555555555555555555555555555555555555555555555555555
555555555555555555555555555555555555555555555555555555555555555555555555555555555555555555555555555
555555555555555555555555555555555555555555555555555555555555555555555555555555555555555555555555555
555555555555555555555555555555555555555555555555555555555555555555555555555555555555555555555555555
555555555555555555555555555555555555555555555555555555555555555555555555555555555555555555555555555
555555555555555555555555555555555555555555555555555555555555555555555555555555555555555555555555555
555555555555555555555555555555555555555555555555555555555555555555555555555555555555555555555555555
555555555555555555555555555555555555555555555555555555555555555555555555555555555555555555555555555
555555555555555555555555555555555555555555555555555555555555555555555555555555555555555555555555555
555555555555555555555555555555555555555555555555555555555555555555555555555555555555555555555555555
555555555555555555555555555555555555555555555555555555555555555555555555555555555555555555555555555
555555555555555555555555555555555555555555555555555555555555555555555555555555555555555555555555555
555555555555555555555555555555555555555555555555555555555555555555555555555555555555555555555555555
555555555555555555555555555555555555555555555555555555555555555555555555555555555555555555555555555
555555555555555555555555555555555555555555555555555555555555555555555555555555555555555555555555555
555555555555555555555555555555555555555555555555555555555555555555555555555555555555555555555555555
555555555555555555555555555555555555555555555555555555555555555555555555555555555555555555555555555
555555555555555555555555555555555555555555555555555555555555555555555555555555555555555555555555555
555555555555555555555555555555555555555555555555555555555555555555555555555555555555555555555555555
555555555555555555555555555555555555555555555555555555555555555555555555555555555555555555555555555
555555555555555555555555555555555555555555555555555555555555555555555555555555555555555555555555555
555555555555555555555555555555555555555555555555555555555555555555555555555555555555555555555555555
555555555555555555555555555555555555555555555555555555555555555555555555555555555555555555555555555
555555555555555555555555555555555555555555555555555555555555555555555555555555555555555555555555555
555555555555555555555555555555555555555555555555555555555555555555555555555555555555555555555555555
555555555555555555555555555555555555555555555555555555555555555555555555555555555555555555555555555
555555555555555555555555555555555555555555555555555555555555555555555555555555555555555555555555555
555555555555555555555555555555555555555555555555555555555555555555555555555555555555555555555555555
555555555555555555555555555555555555555555555555555555555555555555555555555555555555555555555555555
555555555555555555555555555555555555555555555555555555555555555555555555555555555555555555555555555
555555555555555555555555555555555555555555555555555555555555555555555555555555555555555555555555555
555555555555555555555555555555555555555555555555555555555555555555555555555555555555555555555555555
555555555555555555555555555555555555555555555555555555555555555555555555555555555555555555555555555
555555555555555555555555555555555555555555555555555555555555555555555555555555555555555555555555555
555555555555555555555555555555555555555555555555555555555555555555555555555555555555555555555555555
555555555555555555555555555555555555555555555555555555555555555555555555555555555555555555555555555
555555555555555555500000000000000000000000000000000000000000005555555555555555555555555555555555555
555555555555555555500000000000000000000000000000000000000000005555555555555555555555555555555555555
555555555555555555500000000000000000000000000000000000000000005555555555555555555555555555555555555
555555555555555555500000000000000000000000000000000000000000005555555555555555555555555555555555555
555555555555555555500000000000000000000000000000000000000000005555555555555555555555555555555555555
555555555555555555500000000000000000000000000000000000000000005555555555555555555555555555555555555
555555555555555555500000000000000000000000000000000000000000005555555555555555555555555555555555555
555555555555555555500000000000000000000000000000000000000000005555555555555555555555555555555555555
555555555555555555500000000000000000000000000000000000000000005555555555555555555555555555555555555
555555555555555555500000000000000000000000000000000000000000005555555555555555555555555555555555555
555555555555555555500000000000000000000000000000000000000000005555555555555555555555555555555555555
555555555555555555500000000000000000000000000000000000000000005555555555555555555555555555555555555
555555555555555555500000000000000000000000000000000000000000005555555555555555555555555555555555555
555555555555555555500000000000000000000000000000000000000000005555555555555555555555555555555555555
555555555555555555500000000000000000000000000000000000000000005555555555555555555555555555555555555
555555555555555555500000000000000000000000000000000000000000005555555555555555555555555555555555555
555555555555555555500000000000000000000000000000000000000000005555555555555555555555555555555555555
555555555555555555500000000000000000000000000000000000000000005555555555555555555555555555555555555
555555555555555555500000000000000000000000000000000000000000005555555555555555555555555555555555555
555555555555555555500000000000000000000000000000000000000000005555555555555555555555555555555555555
555555555555555555555555555555555555555555555555555555555555555555555555555555555555555555555555555
555555555555555555555555555555555555555555555555555555555555555555555555555555555555555555555555555
555555555555555555555555555555555555555555555555555555555555555555555555555555555555555555555555555
555555555555555555555555555555555555555555555555555555555555555555555555555555555555555555555555555
555555555555555555555555555555555555555555555555555555555555555555555555555555555555555555555555555
555555555555555555555555555555555555555555555555555555555555555555555555555555555555555555555555555
555555555555555555555555555555555555555555555555555555555555555555555555555555555555555555555555555
555555555555555555555555555555555555555555555555555555555555555555555555555555555555555555555555555
555555555555555555555555555555555555555555555555555555555555555555555555555555555555555555555555555
555555555555555555555555555555555555555555555555555555555555555555555555555555555555555555555555555
555555555555555555555555555555555555555555555555555555555555555555555555555555555555555555555555555
555555555555555555555555555555555555555555555555555555555555555555555555555555555555555555555555555
555555555555555555555555555555555555555555555555555555555555555555555555555555555555555555555555555
555555555555555555555555555555555555555555555555555555555555555555555555555555555555555555555555555
555555555555555555555555555555555555555555555555555555555555555555555555555555555555555555555555555
555555555555555555555555555555555555555555555555555555555555555555555555555555555555555555555555555
555555555555555555555555555555555555555555555555555555555555555555555555555555555555555555555555555
555555555555555555555555555555555555555555555555555555555555555555555555555555555555555555555555555
555555555555555555555555555555555555555555555555555555555555555555555555555555555555555555555555555
555555555555555555555555555555555555555555555555555555555555555555555555555555555555555555555555555
555555555555555555555555555555555555555555555555555555555555555555555555555555555555555555555555555
555555555555555555555555555555555555555555555555555555555555555555555555555555555555555555555555555
555555555555555555555555555555555555555555555555555555555555555555555555555555555555555555555555555
555555555555555555555555555555555555555555555555555555555555555555555555555555555555555555555555555
555555555555555555555555555555555555555555555555555555555555555555555555555555555555555555555555555
555555555555555555555555555555555555555555555555555555555555555555555555555555555555555555555555555
555555555555555555555555555555555555555555555555555555555555555555555555555555555555555555555555555
555555555555555555555555555555555555555555555555555555555555555555555555555555555555555555555555555
555555555555555555555555555555555555555555555555555555555555555555555555555555555555555555555555555
555555555555555555555555555555555555555555555555555555555555555555555555555555555555555555555555555
555555555555555555555555555555555555555555555555555555555555555555555555555555555555555555555555555
555555555555555555555555555555555555555555555555555555555555555555555555555555555555555555555555555
555555555555555555555555555555555555555555555555555555555555555555555555555555555555555555555555555
555555555555555555555555555555555555555555555555555555555555555555555555555555555555555555555555555
555555555555555555555555555555555555555555555555555555555555555555555555555555555555555555555555555
